# oST version 5.0 parameters


[image]

width
640

height
480

[narrow_stereo]

camera matrix
490.100238 0.000000 325.559625
0.000000 489.477285 240.754324
0.000000 0.000000 1.000000

distortion
0.122115 -0.212824 0.000813 0.002590 0.000000

rectification
1.000000 0.000000 0.000000
0.000000 1.000000 0.000000
0.000000 0.000000 1.000000

projection
496.026794 0.000000 326.960794 0.000000
0.000000 497.622925 240.575148 0.000000
0.000000 0.000000 1.000000 0.000000
